10099
10107
10109
10191
10199
10200
10284
10304
10455
1202
1465
1466
1467
1548
1549
1618
1665
1701
1972
2785
2947
3045
3073
3118
3218
3219
3354
3384
357
3794
3795
3805
3906
3908
3918
3920
3952
3956
3963
3966
3967
4071
4559
4560
4561
4579
4580
4604
4737
5133
5199
5494
5496
5515
5557
5572
5688
5789
6517
6665
6710
6761
6783
6905
7208
7215
7245
7269
7273
7275
7277
7503
7639
7640
7641
7997
8066
8081
8279
8284
830
831
832
833
844
8459
852
853
8548
8566
8567
8568
8574
8587
8652
8783
8806
8836
8874
8983
8985
9024
9396
9450
9479
9706
9729
9730
9830
9834
9859
9860
9950
