10000
10009
1000
1001
10029
10054
10056
10059
10061
10062
10066
10068
10084
10099
10107
10108
10109
1011
1012
10139
10140
10141
10142
10143
10144
10145
10147
10169
10170
10171
10172
10173
10174
10181
10182
10183
10184
10190
10191
10192
10193
10194
10195
10197
10198
10199
10200
10213
10223
10254
10255
10256
10257
10258
10259
10260
10265
10266
10267
10268
10269
10270
10271
10272
10277
10282
10283
10284
10288
10289
10290
10292
10294
10295
10296
10297
10299
10304
10305
10307
10315
10317
10430
10437
10438
10439
10440
10441
10442
10443
10448
10455
10456
10458
10550
10552
10558
10573
1075
1076
1078
1089
1090
1091
1175
1177
1178
1179
1181
1182
1202
1267
1315
1318
1372
1373
1374
1414
1415
1420
1446
1449
1450
1452
1453
1454
1455
1456
1457
1464
1465
1466
1467
1546
1548
1549
1575
1576
1598
1603
1604
1609
1618
1637
1642
1645
1651
1665
1700
1701
1713
1714
1716
1728
1731
1733
1735
1738
1746
1751
1753
1755
1757
1760
1762
1771
1773
1775
1785
1793
1806
1807
1830
1859
1860
1864
1866
1867
1868
1869
1870
1871
1872
1873
1874
1875
1876
1877
1881
1883
1884
1885
1886
1887
1888
1889
1890
1891
1892
1893
1894
1895
1896
1898
1901
1902
1904
1905
1919
1942
1948
1950
1968
1972
1995
2010
2012
2015
2016
2023
2028
2035
2036
2037
2042
2043
2044
2046
2047
2048
2049
2050
2051
2053
2054
2055
2061
2067
2071
2075
2077
2082
2085
2091
2097
2098
2099
2126
2131
2133
2135
2140
2284
2285
2286
2288
2298
2300
2302
2309
2321
2497
2501
2509
2513
2534
2550
2553
2604
2605
2607
2610
2613
2621
2626
2627
2628
2629
2639
2653
2654
2661
2674
2685
2691
2703
2717
2719
2720
2721
2722
2723
2724
2725
2726
2727
2729
2732
2733
2734
2735
2739
2779
2783
2785
27
2801
2810
2811
2816
2831
2832
2833
2834
2851
2852
2860
2861
2862
28
2901
2902
291
2921
292
2935
2936
2947
2952
2955
2956
2980
3005
3044
3045
3048
3049
3052
3053
3073
3079
3089
3095
3096
3100
3101
3106
3108
3118
3146
3165
3172
3178
3187
3189
3218
3219
3223
3225
3242
3243
3246
3247
3251
3252
3253
3275
3278
3280
3281
3282
3283
3284
3286
3291
3292
3293
3294
3295
3296
3297
3298
3303
3304
3306
3307
3308
3310
3313
3314
3319
3320
3321
3322
3323
3336
3338
3354
3359
3361
3362
3378
3381
3383
3384
3385
3393
3399
3436
3437
3453
3466
3472
3483
3484
3485
3493
3497
3511
3532
3536
3537
3542
3548
3554
3562
3568
3573
3574
357
358
3596
3621
3622
3626
3677
3680
3691
3692
3698
3714
3723
3724
3727
3728
3746
3750
3751
3752
3759
3760
3761
3762
3763
3764
3765
3766
3767
3768
3794
3795
3796
3798
3800
3802
3803
3805
3807
3808
3809
3810
3811
3812
3815
3816
3817
3818
3834
3836
3837
3838
3855
3856
3857
3858
3869
3870
3871
3903
3904
3905
3906
3907
3908
3915
3916
3917
3918
3919
3920
3941
3944
3945
3951
3952
3956
3963
3964
3966
3967
3968
3969
3973
3974
3997
4009
4010
4013
4014
4022
4071
4077
4361
4367
4381
4387
4399
4400
4402
4410
4445
4446
4447
4450
4451
4452
4511
4512
4513
4528
4533
4537
4540
4541
4549
4550
4551
4552
4553
4554
4555
4556
4559
4560
4561
4579
4580
4590
4598
4599
4604
4615
4642
4644
4647
4649
4651
4655
4658
4659
4661
4663
4667
4671
4673
4701
4702
4703
4704
4705
4706
4708
4709
4710
4711
4718
4728
4737
4753
4758
4759
4760
4762
4763
4765
4776
4779
4783
4882
4883
4887
5009
5010
5012
5013
5015
5021
5038
5039
5049
5054
5055
5056
5057
5058
5059
5087
5089
5092
5101
5102
5128
5133
5146
5158
5169
5171
5186
5190
5199
5215
5221
5247
5252
5253
5264
5265
5266
5267
5269
5271
5272
5273
5275
5276
5277
5279
5281
5282
5286
5288
5295
5296
5307
5310
5316
5321
5339
5343
5350
5351
5352
5355
5375
5383
5390
5391
5397
5401
5421
5422
5432
5433
5434
5438
5439
5440
5441
5442
5443
5460
5461
5462
5463
5464
5465
5466
5467
5468
5470
5488
5489
5493
5494
5495
5496
5505
5506
5509
5513
5515
5517
5519
5520
5530
5534
5536
5557
5572
5574
5575
5576
5578
5580
5582
5601
5614
5646
5647
5654
5666
5688
5718
5722
5732
5743
5764
5767
5770
5772
5776
5788
5789
5826
5827
5830
5832
5833
5844
5847
5851
5854
5857
5860
5863
5865
5871
5874
5876
5879
5883
5886
5900
5901
5933
5936
5937
5943
5960
5961
5980
5985
5987
5989
5990
5991
5993
5994
5995
5996
5997
5998
6000
6001
6002
6008
6015
6016
6023
6029
6041
6042
6052
6166
6167
6168
6170
6177
6179
6181
6183
6217
6272
6274
6276
6278
6284
6286
6288
6290
6348
6349
6388
6389
6390
6391
6392
6393
6394
6395
6405
6406
6408
6429
6439
6456
6470
6473
6474
6477
6479
6486
6487
6488
6497
6517
6533
6560
6561
6569
6570
6571
6572
6615
6620
6636
6652
6653
6656
6665
6670
6673
6674
6709
6710
6731
6735
6736
6737
6755
6760
6761
6762
6766
6783
6785
6822
6823
6825
6826
6830
6882
6887
6892
6893
6905
6907
6909
6910
6913
6935
6936
6992
6998
7012
7026
7060
7066
7074
7080
7111
7113
7120
7121
7182
7183
7187
7188
7189
7190
7191
7192
7208
7211
7215
7216
7217
7218
7219
7220
7223
7225
7227
7229
7230
7231
7232
7233
7234
7235
7239
7244
7245
7254
7257
7258
7259
7262
7269
7273
7274
7275
7277
7279
7280
7284
7285
7286
7287
730
7319
731
748
7497
749
7503
750
751
7559
7601
7602
7603
7604
7606
7607
7613
7620
7621
7632
7633
7634
7635
7636
7639
7640
7641
7663
7666
7667
7668
7681
7682
7696
7698
7699
7705
7707
7708
7711
7715
7717
7735
7743
7744
7745
7746
7754
7757
7764
7780
7781
7787
7788
7789
7790
7795
7798
7799
7858
7944
7949
7954
7961
7970
7974
7981
7987
7988
7989
7996
7997
8006
8016
8017
8042
8066
8068
8069
8070
8081
8083
808
8095
8098
8100
8110
8113
8114
8118
8119
8120
8122
8124
8126
8128
8130
8131
8132
8133
8140
8142
8144
8150
8170
8178
8179
8195
8199
8204
8217
821
8222
8227
8230
8231
8234
8241
8246
8247
8248
8249
8250
8258
8259
8260
8261
8263
8264
8265
8266
8267
8278
8279
8284
8286
830
831
832
833
844
8459
8477
8502
852
8537
8539
853
8540
8541
8543
8544
8548
8554
8555
8557
8562
8563
8564
8565
8566
8567
8568
8574
8585
8587
8591
8601
8608
8609
8611
8613
8614
8616
8619
8635
8636
8637
8638
8639
8640
8652
8663
8746
8747
8748
8751
8758
8761
876
8775
8776
8777
8778
8779
877
8783
878
8791
8793
8806
8814
881
8829
882
8830
8836
8837
8852
8853
8854
8855
8856
8857
8860
8861
8862
8865
8867
8873
8874
8876
8878
8894
8913
8921
8932
8936
8937
8938
8939
8940
8941
8949
8951
8952
8954
8955
8956
8958
8971
8972
8973
8974
8980
8981
8982
8983
8984
8985
9000
9009
9024
9025
9027
9029
9031
9037
9051
9052
9069
9088
9099
9101
9114
9136
9138
9140
9142
9158
9159
9162
9163
9173
9174
9188
9189
9190
9191
9192
9195
9198
9204
925
9260
9275
929
9305
9307
9312
9313
9314
933
9348
9349
9350
9364
9376
9381
9382
9383
9385
9396
9413
9440
9447
9450
9470
9479
9481
9482
9483
9492
9514
9518
9547
9553
9554
9555
9556
9563
956
957
9585
9589
958
959
960
961
9620
9645
9646
967
968
9695
9696
969
9705
9706
9708
9709
9710
9714
9715
9716
9717
9721
9724
9726
9729
9730
9732
9733
9735
9736
9750
9755
9757
9758
9759
9760
9761
9762
9771
9772
9773
9774
9775
9776
9777
9782
9785
9787
9812
9816
9817
9818
9826
9827
9828
9829
9830
9831
9832
9833
9834
9835
9837
9839
9846
9849
9850
9859
9860
9868
986
9871
9875
9876
9877
9878
9887
9888
9889
9892
9895
9899
989
9902
9928
9929
9930
9936
9950
9958
9987
